
Top 20 county Report - confirmed
  Top 20 regions by Cases, threshold = 100 Confirmed cases
  Extract downloaded: 2022-05-09 00:31:22.723291 UTC
  Data last data point date: 5/7/22
          County State  1/23/20   5/2/22   5/3/22   5/4/22   5/5/22   5/6/22   5/7/22  DayIncrease  %DayIncrease  DaysToDouble
0          Total    WA        1  1510285  1510285  1508065  1508065  1508065  1508065            0           0.0   2275.566053
1           King    WA        1   400288   400288   399865   399865   399865   399865            0           0.0    860.490020
2         Pierce    WA        0   196829   196829   196028   196028   196028   196028            0           0.0  -2250.372308
3      Snohomish    WA        0   156716   156716   156304   156304   156304   156304            0           0.0   2868.591679
4        Spokane    WA        0   125546   125546   125412   125412   125412   125412            0           0.0  15116.696134
5          Clark    WA        0    90239    90239    90331    90331    90331    90331            0           0.0   1033.533383
6         Yakima    WA        0    72170    72170    72202    72202    72202    72202            0           0.0   3316.620986
7         Benton    WA        0    52834    52834    52801    52801    52801    52801            0           0.0  23113.685855
8       Thurston    WA        0    48358    48358    48231    48231    48231    48231            0           0.0   2823.783760
9         Kitsap    WA        0    41003    41003    40671    40671    40671    40671            0           0.0  -1005.219093
10       Whatcom    WA        0    38680    38680    38720    38720    38720    38720            0           0.0    761.797476
11      Franklin    WA        0    32583    32583    32598    32598    32598    32598            0           0.0   4371.880358
12         Grant    WA        0    25774    25774    25799    25799    25799    25799            0           0.0   2553.256899
13       Cowlitz    WA        0    23162    23162    23136    23136    23136    23136            0           0.0  38486.581296
14        Skagit    WA        0    22723    22723    22491    22491    22491    22491            0           0.0   -578.776789
15        Chelan    WA        0    20274    20274    20307    20307    20307    20307            0           0.0   1307.984360
16         Lewis    WA        0    17661    17661    17680    17680    17680    17680            0           0.0   1836.839680
17  Grays Harbor    WA        0    16429    16429    16445    16445    16445    16445            0           0.0   1289.044007
18   Walla Walla    WA        0    15397    15397    15442    15442    15442    15442            0           0.0    950.042255
19         Mason    WA        0    12528    12528    12503    12503    12503    12503            0           0.0  -6934.521561

   Data from the 5/7/22 extract at https://github.com/CSSEGISandData/COVID-19, Credit: Johns Hopkins University
   Analytics: https://github.com/natalyalangford/COVID19_plots

