
Top 20 county Report - confirmed
  Top 20 regions by Cases, threshold = 100 Confirmed cases
  Extract downloaded: 2022-09-27 18:30:01.810513 UTC
  Data last data point date: 9/26/22
        County State  1/23/20  9/21/22  9/22/22  9/23/22  9/24/22  9/25/22  9/26/22  DayIncrease  %DayIncrease  DaysToDouble
0        Total    OR        0   890507   890507   890507   890507   890507   890507            0           0.0   1628.681313
1    Multnomah    OR        0   157046   157046   157046   157046   157046   157046            0           0.0   1327.475792
2   Washington    OR        0   113186   113186   113186   113186   113186   113186            0           0.0   1504.940770
3       Marion    OR        0    82387    82387    82387    82387    82387    82387            0           0.0   1678.210876
4    Clackamas    OR        0    77708    77708    77708    77708    77708    77708            0           0.0   1425.449842
5         Lane    OR        0    72700    72700    72700    72700    72700    72700            0           0.0   1924.414648
6    Deschutes    OR        0    57743    57743    57743    57743    57743    57743            0           0.0   1499.528190
7      Jackson    OR        0    50671    50671    50671    50671    50671    50671            0           0.0   2276.827097
8         Linn    OR        0    31099    31099    31099    31099    31099    31099            0           0.0   2438.936179
9     Umatilla    OR        0    25156    25156    25156    25156    25156    25156            0           0.0   2070.313651
10     Douglas    OR        0    24164    24164    24164    24164    24164    24164            0           0.0   1134.152698
11     Yamhill    OR        0    21172    21172    21172    21172    21172    21172            0           0.0   1999.792309
12      Benton    OR        0    20287    20287    20287    20287    20287    20287            0           0.0   2134.594700
13   Josephine    OR        0    19188    19188    19188    19188    19188    19188            0           0.0   1548.140449
14        Polk    OR        0    18942    18942    18942    18942    18942    18942            0           0.0   1768.895666
15     Klamath    OR        0    16693    16693    16693    16693    16693    16693            0           0.0   1778.721943
16        Coos    OR        0    13344    13344    13344    13344    13344    13344            0           0.0   1818.158791
17    Columbia    OR        0     9564     9564     9564     9564     9564     9564            0           0.0   1471.782078
18     Malheur    OR        0     9177     9177     9177     9177     9177     9177            0           0.0   3633.477344
19     Lincoln    OR        0     8604     8604     8604     8604     8604     8604            0           0.0   1429.934460

   Data from the 9/26/22 extract at https://github.com/CSSEGISandData/COVID-19, Credit: Johns Hopkins University
   Analytics: https://github.com/natalyalangford/COVID19_plots

