
Top 20 county Report - confirmed
  Top 20 regions by Cases, threshold = 100 Confirmed cases
  Extract downloaded: 2021-05-14 01:26:44.987971 UTC
  Data last data point date: 5/12/21
          County State  1/23/20   5/7/21   5/8/21   5/9/21  5/10/21  5/11/21  5/12/21  DayIncrease  %DayIncrease  DaysToDouble
0          Total    FL        0  2262598  2266575  2269806  2272102  2275365  2278549         3184           0.1    491.341769
1     Miami-Dade    FL        0   489014   489839   490499   491028   491703   492232          529           0.1    522.432869
2        Broward    FL        0   239249   239602   239941   240143   240479   240790          311           0.1    535.285108
3     Palm Beach    FL        0   144892   145126   145331   145485   145657   145850          193           0.1    512.219530
4         Orange    FL        0   138414   138735   138989   139136   139339   139508          169           0.1    422.184905
5   Hillsborough    FL        0   137651   137950   138161   138312   138598   138931          333           0.2    392.650375
6          Duval    FL        0    98282    98417    98524    98611    98730    98870          140           0.1    598.518609
7       Pinellas    FL        0    79657    79767    79881    79947    80044    80142           98           0.1    570.106185
8            Lee    FL        0    70689    70939    71111    71242    71399    71542          143           0.2    290.282113
9           Polk    FL        0    68800    68925    69056    69142    69261    69394          133           0.2    398.706279
10       Osceola    FL        0    44768    44867    44960    45010    45071    45120           49           0.1    425.070410
11       Volusia    FL        0    43351    43430    43499    43553    43615    43710           95           0.2    413.321718
12       Brevard    FL        0    41545    41637    41704    41767    41841    41933           92           0.2    378.604984
13         Pasco    FL        0    41431    41555    41638    41687    41776    41854           78           0.2    349.928863
14       Manatee    FL        0    38711    38785    38828    38879    38982    39025           43           0.1    430.714626
15      Escambia    FL        0    36137    36164    36191    36212    36230    36252           22           0.1   1063.502710
16       Collier    FL        0    35866    35941    36010    36044    36129    36237          108           0.3    367.870371
17      Seminole    FL        0    34169    34230    34274    34325    34382    34429           47           0.1    443.330317
18      Sarasota    FL        0    32808    32862    32922    32954    32997    33057           60           0.2    463.880908
19          Leon    FL        0    31985    32043    32092    32102    32167    32215           48           0.1    515.041903

   Data from the 5/12/21 extract at https://github.com/CSSEGISandData/COVID-19, Credit: Johns Hopkins University
   Analytics: https://github.com/natalyalangford/COVID19_plots

