
Top 20 county Report - confirmed
  Top 20 regions by Cases, threshold = 100 Confirmed cases
  Extract downloaded: 2021-01-31 23:58:45.488013 UTC
  Data last data point date: 1/30/21
        County State  1/23/20  1/25/21  1/26/21  1/27/21  1/28/21  1/29/21  1/30/21  DayIncrease  %DayIncrease  DaysToDouble
0        Total    TX        0  2269424  2290621  2309220  2330272  2348188  2363266        15078           0.6     83.029627
1       Harris    TX        0   301173   304333   306495   308902   311665   314697         3032           1.0     79.314721
2       Dallas    TX        0   248518   250376   252047   253684   255493   256900         1407           0.6    102.915120
3      Tarrant    TX        0   208325   209849   211076   213611   215048   215048            0           0.0     86.942052
4        Bexar    TX        0   162108   162929   164270   166022   167567   169688         2121           1.3     75.215496
5      El Paso    TX        0   111061   111061   111689   112259   112652   113145          493           0.4    159.961096
6       Collin    TX        0    68943    69404    70414    71179    71865    72370          505           0.7     65.269192
7       Travis    TX        0    65507    66209    66859    67566    68020    68290          270           0.4     77.147058
8      Hidalgo    TX        0    60971    61595    62249    62833    63551    63551            0           0.0     72.195056
9       Denton    TX        0    50439    51212    51857    52594    53248    53554          306           0.6     54.339028
10   Fort Bend    TX        0    47427    48425    48982    49529    49992    49992            0           0.0     61.033640
11     Lubbock    TX        0    46241    46329    46452    46572    46705    46802           97           0.2    287.156390
12        Webb    TX        0    37761    38452    38452    38923    38923    39992         1069           2.7     83.159913
13  Montgomery    TX        0    36344    38075    38557    38904    39241    39241            0           0.0     42.068908
14  Williamson    TX        0    33818    34263    34746    35165    35657    35657            0           0.0     52.780772
15     Cameron    TX        0    33748    34259    34482    35590    35590    35590            0           0.0     57.631364
16      Nueces    TX        0    34215    34345    34554    34578    34949    34997           48           0.1    151.458666
17   Galveston    TX        0    28878    29319    29485    29713    30058    30376          318           1.1     79.966553
18    Brazoria    TX        0    27639    27779    28087    28314    28617    28746          129           0.5     87.309537
19    McLennan    TX        0    22657    22801    22846    22994    23074    23140           66           0.3    174.168418

   Data from the 1/30/21 extract at https://github.com/CSSEGISandData/COVID-19, Credit: Johns Hopkins University
   Analytics: https://github.com/natalyalangford/COVID19_plots

