
Top 20 county Report - confirmed
  Top 20 regions by Cases, threshold = 100 Confirmed cases
  Extract downloaded: 2021-07-14 17:08:23.515825 UTC
  Data last data point date: 7/13/21
         County State  1/23/20   7/8/21   7/9/21  7/10/21  7/11/21  7/12/21  7/13/21  DayIncrease  %DayIncrease  DaysToDouble
0         Total    NY        0  2118216  2118960  2119692  2120486  2121119  2121761          642           0.0   2040.390594
1         Kings    NY        0   281827   281965   282146   282319   282449   282547           98           0.0   1296.544711
2        Queens    NY        0   278442   278548   278663   278793   278891   278995          104           0.0   1689.405425
3       Suffolk    NY        0   201663   201718   201770   201809   201850   201904           54           0.0   3056.859661
4        Nassau    NY        0   184283   184351   184408   184472   184514   184580           66           0.0   2151.223294
5         Bronx    NY        0   184251   184319   184376   184446   184508   184575           67           0.0   1936.376333
6      New York    NY        0   139160   139234   139320   139408   139484   139544           60           0.0   1190.957397
7   Westchester    NY        0   129982   130015   130049   130081   130114   130151           37           0.0   2795.173986
8          Erie    NY        0    89755    89775    89785    89795    89806    89827           21           0.0   5012.123875
9      Richmond    NY        0    75584    75622    75663    75742    75786    75812           26           0.0   1074.245055
10       Monroe    NY        0    69273    69289    69304    69315    69325    69336           11           0.0   3718.819418
11       Orange    NY        0    48472    48487    48499    48517    48518    48524            6           0.0   2840.692648
12     Rockland    NY        0    47114    47131    47143    47151    47156    47168           12           0.0   3136.629417
13     Onondaga    NY        0    39107    39126    39130    39139    39148    39159           11           0.0   2906.019334
14     Dutchess    NY        0    29538    29543    29550    29555    29565    29568            3           0.0   3277.218158
15       Albany    NY        0    24746    24748    24753    24758    24767    24770            3           0.0   3375.490223
16       Oneida    NY        0    22683    22686    22688    22690    22693    22699            6           0.0   5242.040955
17      Niagara    NY        0    20078    20082    20084    20085    20088    20092            4           0.0   5966.115718
18       Broome    NY        0    18671    18676    18678    18681    18682    18686            4           0.0   4707.729488
19     Saratoga    NY        0    15423    15426    15429    15432    15433    15440            7           0.0   3564.855770

   Data from the 7/13/21 extract at https://github.com/CSSEGISandData/COVID-19, Credit: Johns Hopkins University
   Analytics: https://github.com/natalyalangford/COVID19_plots

